0.00025136470794677733
0.00025136470794677733
0.0013719320297241211
0.00025136470794677733
0.0013719320297241211
0.0042381763458251955
0.00025136470794677733
0.0013719320297241211
0.0042381763458251955
0.007713627815246582
0.00025136470794677733
0.0013719320297241211
0.0042381763458251955
0.007713627815246582
0.012709665298461913
0.00025136470794677733
0.0013719320297241211
0.0042381763458251955
0.007713627815246582
0.012709665298461913
0.01996164321899414
0.00025136470794677733
0.0013719320297241211
0.0042381763458251955
0.007713627815246582
0.012709665298461913
0.01996164321899414
0.025046873092651366
0.00025136470794677733
0.0013719320297241211
0.0042381763458251955
0.007713627815246582
0.012709665298461913
0.01996164321899414
0.025046873092651366
0.030179166793823244
0.00025136470794677733
0.0013719320297241211
0.0042381763458251955
0.007713627815246582
0.012709665298461913
0.01996164321899414
0.025046873092651366
0.030179166793823244
0.04517033100128174
0.00025136470794677733
0.0013719320297241211
0.0042381763458251955
0.007713627815246582
0.012709665298461913
0.01996164321899414
0.025046873092651366
0.030179166793823244
0.04517033100128174
0.04779636859893799
0.00025136470794677733
0.0013719320297241211
0.0042381763458251955
0.007713627815246582
0.012709665298461913
0.01996164321899414
0.025046873092651366
0.030179166793823244
0.04517033100128174
0.04779636859893799
0.0711174726486206
0.00025136470794677733
0.0013719320297241211
0.0042381763458251955
0.007713627815246582
0.012709665298461913
0.01996164321899414
0.025046873092651366
0.030179166793823244
0.04517033100128174
0.04779636859893799
0.0711174726486206
0.07652897834777832
0.00025136470794677733
0.0013719320297241211
0.0042381763458251955
0.007713627815246582
0.012709665298461913
0.01996164321899414
0.025046873092651366
0.030179166793823244
0.04517033100128174
0.04779636859893799
0.0711174726486206
0.07652897834777832
0.11420042514801025
0.00025136470794677733
0.0013719320297241211
0.0042381763458251955
0.007713627815246582
0.012709665298461913
0.01996164321899414
0.025046873092651366
0.030179166793823244
0.04517033100128174
0.04779636859893799
0.0711174726486206
0.07652897834777832
0.11420042514801025
0.1473630905151367
0.00025136470794677733
0.0013719320297241211
0.0042381763458251955
0.007713627815246582
0.012709665298461913
0.01996164321899414
0.025046873092651366
0.030179166793823244
0.04517033100128174
0.04779636859893799
0.0711174726486206
0.07652897834777832
0.11420042514801025
0.1473630905151367
0.17989587783813477
0.00025136470794677733
0.0013719320297241211
0.0042381763458251955
0.007713627815246582
0.012709665298461913
0.01996164321899414
0.025046873092651366
0.030179166793823244
0.04517033100128174
0.04779636859893799
0.0711174726486206
0.07652897834777832
0.11420042514801025
0.1473630905151367
0.17989587783813477
0.1866143226623535
0.00025136470794677733
0.0013719320297241211
0.0042381763458251955
0.007713627815246582
0.012709665298461913
0.01996164321899414
0.025046873092651366
0.030179166793823244
0.04517033100128174
0.04779636859893799
0.0711174726486206
0.07652897834777832
0.11420042514801025
0.1473630905151367
0.17989587783813477
0.1866143226623535
0.193692946434021
0.00025136470794677733
0.0013719320297241211
0.0042381763458251955
0.007713627815246582
0.012709665298461913
0.01996164321899414
0.025046873092651366
0.030179166793823244
0.04517033100128174
0.04779636859893799
0.0711174726486206
0.07652897834777832
0.11420042514801025
0.1473630905151367
0.17989587783813477
0.1866143226623535
0.193692946434021
0.19150931835174562
0.00025136470794677733
0.0013719320297241211
0.0042381763458251955
0.007713627815246582
0.012709665298461913
0.01996164321899414
0.025046873092651366
0.030179166793823244
0.04517033100128174
0.04779636859893799
0.0711174726486206
0.07652897834777832
0.11420042514801025
0.1473630905151367
0.17989587783813477
0.1866143226623535
0.193692946434021
0.19150931835174562
0.2030339002609253
0.00025136470794677733
0.0013719320297241211
0.0042381763458251955
0.007713627815246582
0.012709665298461913
0.01996164321899414
0.025046873092651366
0.030179166793823244
0.04517033100128174
0.04779636859893799
0.0711174726486206
0.07652897834777832
0.11420042514801025
0.1473630905151367
0.17989587783813477
0.1866143226623535
0.193692946434021
0.19150931835174562
0.2030339002609253
0.23682150840759278
