0.0002597808837890625
0.0002597808837890625
0.0013091564178466797
0.0002597808837890625
0.0013091564178466797
0.004180192947387695
0.0002597808837890625
0.0013091564178466797
0.004180192947387695
0.009198498725891114
0.0002597808837890625
0.0013091564178466797
0.004180192947387695
0.009198498725891114
0.01890408992767334
0.0002597808837890625
0.0013091564178466797
0.004180192947387695
0.009198498725891114
0.01890408992767334
0.03127865791320801
0.0002597808837890625
0.0013091564178466797
0.004180192947387695
0.009198498725891114
0.01890408992767334
0.03127865791320801
0.04399995803833008
0.0002597808837890625
0.0013091564178466797
0.004180192947387695
0.009198498725891114
0.01890408992767334
0.03127865791320801
0.04399995803833008
0.05719876289367676
0.0002597808837890625
0.0013091564178466797
0.004180192947387695
0.009198498725891114
0.01890408992767334
0.03127865791320801
0.04399995803833008
0.05719876289367676
0.09144287109375
0.0002597808837890625
0.0013091564178466797
0.004180192947387695
0.009198498725891114
0.01890408992767334
0.03127865791320801
0.04399995803833008
0.05719876289367676
0.09144287109375
0.10231895446777343
0.0002597808837890625
0.0013091564178466797
0.004180192947387695
0.009198498725891114
0.01890408992767334
0.03127865791320801
0.04399995803833008
0.05719876289367676
0.09144287109375
0.10231895446777343
0.18059825897216797
0.0002597808837890625
0.0013091564178466797
0.004180192947387695
0.009198498725891114
0.01890408992767334
0.03127865791320801
0.04399995803833008
0.05719876289367676
0.09144287109375
0.10231895446777343
0.18059825897216797
0.17489271163940429
0.0002597808837890625
0.0013091564178466797
0.004180192947387695
0.009198498725891114
0.01890408992767334
0.03127865791320801
0.04399995803833008
0.05719876289367676
0.09144287109375
0.10231895446777343
0.18059825897216797
0.17489271163940429
0.29338908195495605
0.0002597808837890625
0.0013091564178466797
0.004180192947387695
0.009198498725891114
0.01890408992767334
0.03127865791320801
0.04399995803833008
0.05719876289367676
0.09144287109375
0.10231895446777343
0.18059825897216797
0.17489271163940429
0.29338908195495605
0.40825300216674804
0.0002597808837890625
0.0013091564178466797
0.004180192947387695
0.009198498725891114
0.01890408992767334
0.03127865791320801
0.04399995803833008
0.05719876289367676
0.09144287109375
0.10231895446777343
0.18059825897216797
0.17489271163940429
0.29338908195495605
0.40825300216674804
0.48201885223388674
0.0002597808837890625
0.0013091564178466797
0.004180192947387695
0.009198498725891114
0.01890408992767334
0.03127865791320801
0.04399995803833008
0.05719876289367676
0.09144287109375
0.10231895446777343
0.18059825897216797
0.17489271163940429
0.29338908195495605
0.40825300216674804
0.48201885223388674
0.5142670392990112
0.0002597808837890625
0.0013091564178466797
0.004180192947387695
0.009198498725891114
0.01890408992767334
0.03127865791320801
0.04399995803833008
0.05719876289367676
0.09144287109375
0.10231895446777343
0.18059825897216797
0.17489271163940429
0.29338908195495605
0.40825300216674804
0.48201885223388674
0.5142670392990112
0.6232659578323364
0.0002597808837890625
0.0013091564178466797
0.004180192947387695
0.009198498725891114
0.01890408992767334
0.03127865791320801
0.04399995803833008
0.05719876289367676
0.09144287109375
0.10231895446777343
0.18059825897216797
0.17489271163940429
0.29338908195495605
0.40825300216674804
0.48201885223388674
0.5142670392990112
0.6232659578323364
0.641629695892334
0.0002597808837890625
0.0013091564178466797
0.004180192947387695
0.009198498725891114
0.01890408992767334
0.03127865791320801
0.04399995803833008
0.05719876289367676
0.09144287109375
0.10231895446777343
0.18059825897216797
0.17489271163940429
0.29338908195495605
0.40825300216674804
0.48201885223388674
0.5142670392990112
0.6232659578323364
0.641629695892334
0.704963207244873
0.0002597808837890625
0.0013091564178466797
0.004180192947387695
0.009198498725891114
0.01890408992767334
0.03127865791320801
0.04399995803833008
0.05719876289367676
0.09144287109375
0.10231895446777343
0.18059825897216797
0.17489271163940429
0.29338908195495605
0.40825300216674804
0.48201885223388674
0.5142670392990112
0.6232659578323364
0.641629695892334
0.704963207244873
0.8574660062789917
