0.00021390914916992189
0.00021390914916992189
0.00030667781829833983
0.00021390914916992189
0.00030667781829833983
0.0008628368377685547
0.00021390914916992189
0.00030667781829833983
0.0008628368377685547
0.0006743192672729493
0.00021390914916992189
0.00030667781829833983
0.0008628368377685547
0.0006743192672729493
0.0006418228149414062
0.00021390914916992189
0.00030667781829833983
0.0008628368377685547
0.0006743192672729493
0.0006418228149414062
0.0012532949447631836
0.00021390914916992189
0.00030667781829833983
0.0008628368377685547
0.0006743192672729493
0.0006418228149414062
0.0012532949447631836
0.0010140657424926758
0.00021390914916992189
0.00030667781829833983
0.0008628368377685547
0.0006743192672729493
0.0006418228149414062
0.0012532949447631836
0.0010140657424926758
0.0013775348663330079
0.00021390914916992189
0.00030667781829833983
0.0008628368377685547
0.0006743192672729493
0.0006418228149414062
0.0012532949447631836
0.0010140657424926758
0.0013775348663330079
0.0017481803894042968
0.00021390914916992189
0.00030667781829833983
0.0008628368377685547
0.0006743192672729493
0.0006418228149414062
0.0012532949447631836
0.0010140657424926758
0.0013775348663330079
0.0017481803894042968
0.001882481575012207
0.00021390914916992189
0.00030667781829833983
0.0008628368377685547
0.0006743192672729493
0.0006418228149414062
0.0012532949447631836
0.0010140657424926758
0.0013775348663330079
0.0017481803894042968
0.001882481575012207
0.0029144048690795898
0.00021390914916992189
0.00030667781829833983
0.0008628368377685547
0.0006743192672729493
0.0006418228149414062
0.0012532949447631836
0.0010140657424926758
0.0013775348663330079
0.0017481803894042968
0.001882481575012207
0.0029144048690795898
0.002784323692321777
0.00021390914916992189
0.00030667781829833983
0.0008628368377685547
0.0006743192672729493
0.0006418228149414062
0.0012532949447631836
0.0010140657424926758
0.0013775348663330079
0.0017481803894042968
0.001882481575012207
0.0029144048690795898
0.002784323692321777
0.003919196128845215
0.00021390914916992189
0.00030667781829833983
0.0008628368377685547
0.0006743192672729493
0.0006418228149414062
0.0012532949447631836
0.0010140657424926758
0.0013775348663330079
0.0017481803894042968
0.001882481575012207
0.0029144048690795898
0.002784323692321777
0.003919196128845215
0.005437970161437988
0.00021390914916992189
0.00030667781829833983
0.0008628368377685547
0.0006743192672729493
0.0006418228149414062
0.0012532949447631836
0.0010140657424926758
0.0013775348663330079
0.0017481803894042968
0.001882481575012207
0.0029144048690795898
0.002784323692321777
0.003919196128845215
0.005437970161437988
0.006745028495788574
0.00021390914916992189
0.00030667781829833983
0.0008628368377685547
0.0006743192672729493
0.0006418228149414062
0.0012532949447631836
0.0010140657424926758
0.0013775348663330079
0.0017481803894042968
0.001882481575012207
0.0029144048690795898
0.002784323692321777
0.003919196128845215
0.005437970161437988
0.006745028495788574
0.006257009506225586
0.00021390914916992189
0.00030667781829833983
0.0008628368377685547
0.0006743192672729493
0.0006418228149414062
0.0012532949447631836
0.0010140657424926758
0.0013775348663330079
0.0017481803894042968
0.001882481575012207
0.0029144048690795898
0.002784323692321777
0.003919196128845215
0.005437970161437988
0.006745028495788574
0.006257009506225586
0.009051012992858886
0.00021390914916992189
0.00030667781829833983
0.0008628368377685547
0.0006743192672729493
0.0006418228149414062
0.0012532949447631836
0.0010140657424926758
0.0013775348663330079
0.0017481803894042968
0.001882481575012207
0.0029144048690795898
0.002784323692321777
0.003919196128845215
0.005437970161437988
0.006745028495788574
0.006257009506225586
0.009051012992858886
0.0073150634765625
0.00021390914916992189
0.00030667781829833983
0.0008628368377685547
0.0006743192672729493
0.0006418228149414062
0.0012532949447631836
0.0010140657424926758
0.0013775348663330079
0.0017481803894042968
0.001882481575012207
0.0029144048690795898
0.002784323692321777
0.003919196128845215
0.005437970161437988
0.006745028495788574
0.006257009506225586
0.009051012992858886
0.0073150634765625
0.007197904586791992
0.00021390914916992189
0.00030667781829833983
0.0008628368377685547
0.0006743192672729493
0.0006418228149414062
0.0012532949447631836
0.0010140657424926758
0.0013775348663330079
0.0017481803894042968
0.001882481575012207
0.0029144048690795898
0.002784323692321777
0.003919196128845215
0.005437970161437988
0.006745028495788574
0.006257009506225586
0.009051012992858886
0.0073150634765625
0.007197904586791992
0.010935544967651367
