0.0005429267883300781
0.0005429267883300781
0.0020985126495361326
0.0005429267883300781
0.0020985126495361326
0.006122660636901855
0.0005429267883300781
0.0020985126495361326
0.006122660636901855
0.011890769004821777
0.0005429267883300781
0.0020985126495361326
0.006122660636901855
0.011890769004821777
0.013825297355651855
0.0005429267883300781
0.0020985126495361326
0.006122660636901855
0.011890769004821777
0.013825297355651855
0.022479605674743653
0.0005429267883300781
0.0020985126495361326
0.006122660636901855
0.011890769004821777
0.013825297355651855
0.022479605674743653
0.033224081993103026
0.0005429267883300781
0.0020985126495361326
0.006122660636901855
0.011890769004821777
0.013825297355651855
0.022479605674743653
0.033224081993103026
0.038541769981384276
0.0005429267883300781
0.0020985126495361326
0.006122660636901855
0.011890769004821777
0.013825297355651855
0.022479605674743653
0.033224081993103026
0.038541769981384276
0.048163199424743654
0.0005429267883300781
0.0020985126495361326
0.006122660636901855
0.011890769004821777
0.013825297355651855
0.022479605674743653
0.033224081993103026
0.038541769981384276
0.048163199424743654
0.053700828552246095
0.0005429267883300781
0.0020985126495361326
0.006122660636901855
0.011890769004821777
0.013825297355651855
0.022479605674743653
0.033224081993103026
0.038541769981384276
0.048163199424743654
0.053700828552246095
0.07633957862854004
0.0005429267883300781
0.0020985126495361326
0.006122660636901855
0.011890769004821777
0.013825297355651855
0.022479605674743653
0.033224081993103026
0.038541769981384276
0.048163199424743654
0.053700828552246095
0.07633957862854004
0.08381094932556152
0.0005429267883300781
0.0020985126495361326
0.006122660636901855
0.011890769004821777
0.013825297355651855
0.022479605674743653
0.033224081993103026
0.038541769981384276
0.048163199424743654
0.053700828552246095
0.07633957862854004
0.08381094932556152
0.12176103591918945
0.0005429267883300781
0.0020985126495361326
0.006122660636901855
0.011890769004821777
0.013825297355651855
0.022479605674743653
0.033224081993103026
0.038541769981384276
0.048163199424743654
0.053700828552246095
0.07633957862854004
0.08381094932556152
0.12176103591918945
0.18241324424743652
0.0005429267883300781
0.0020985126495361326
0.006122660636901855
0.011890769004821777
0.013825297355651855
0.022479605674743653
0.033224081993103026
0.038541769981384276
0.048163199424743654
0.053700828552246095
0.07633957862854004
0.08381094932556152
0.12176103591918945
0.18241324424743652
0.1929187536239624
0.0005429267883300781
0.0020985126495361326
0.006122660636901855
0.011890769004821777
0.013825297355651855
0.022479605674743653
0.033224081993103026
0.038541769981384276
0.048163199424743654
0.053700828552246095
0.07633957862854004
0.08381094932556152
0.12176103591918945
0.18241324424743652
0.1929187536239624
0.20887136459350586
0.0005429267883300781
0.0020985126495361326
0.006122660636901855
0.011890769004821777
0.013825297355651855
0.022479605674743653
0.033224081993103026
0.038541769981384276
0.048163199424743654
0.053700828552246095
0.07633957862854004
0.08381094932556152
0.12176103591918945
0.18241324424743652
0.1929187536239624
0.20887136459350586
0.22493085861206055
0.0005429267883300781
0.0020985126495361326
0.006122660636901855
0.011890769004821777
0.013825297355651855
0.022479605674743653
0.033224081993103026
0.038541769981384276
0.048163199424743654
0.053700828552246095
0.07633957862854004
0.08381094932556152
0.12176103591918945
0.18241324424743652
0.1929187536239624
0.20887136459350586
0.22493085861206055
0.25669915676116944
0.0005429267883300781
0.0020985126495361326
0.006122660636901855
0.011890769004821777
0.013825297355651855
0.022479605674743653
0.033224081993103026
0.038541769981384276
0.048163199424743654
0.053700828552246095
0.07633957862854004
0.08381094932556152
0.12176103591918945
0.18241324424743652
0.1929187536239624
0.20887136459350586
0.22493085861206055
0.25669915676116944
0.2447068214416504
0.0005429267883300781
0.0020985126495361326
0.006122660636901855
0.011890769004821777
0.013825297355651855
0.022479605674743653
0.033224081993103026
0.038541769981384276
0.048163199424743654
0.053700828552246095
0.07633957862854004
0.08381094932556152
0.12176103591918945
0.18241324424743652
0.1929187536239624
0.20887136459350586
0.22493085861206055
0.25669915676116944
0.2447068214416504
0.295939564704895
